27	1647	0.0869939344952	0.735840017252	6.92377335337e-05	0.530907621464	6.92377335337e-05
23	39789	0.00759584607947	0.985170069345	6.92377335337e-05	0.0705824848049	6.92377335337e-05
77	21063	0.00759584607947	0.985170069345	4.52348149565e-06	0.0705824848049	4.52348149565e-06
21	3537	0.00759584607947	0.0467941539207	4.52348149565e-06	0.0705824848049	4.52348149565e-06
96	47082	0.00172839552935	0.735840017252	0.00227132610238	0.0705824848049	0.00172839552935
35	11238	0.00759584607947	0.735840017252	0.000240161937124	0.0705824848049	0.000240161937124
38	44897	0.00759584607947	0.374369129447	0.000768805345611	0.303782407114	0.000768805345611
98	18827	0.00759584607947	0.735840017252	0.000768805345611	0.0290364695383	0.000768805345611
63	31425	0.00759584607947	0.735840017252	6.92377335337e-05	0.0107594324928	6.92377335337e-05
48	27811	0.0280458653792	0.374369129447	6.92377335337e-05	0.154490445859	6.92377335337e-05
45	31491	0.0280458653792	0.735840017252	1.84218138596e-05	0.0705824848049	1.84218138596e-05
33	21390	0.00759584607947	0.735840017252	0.000240161937124	0.0705824848049	0.000240161937124
85	32517	0.00172839552935	0.985170069345	6.92377335337e-05	0.0705824848049	6.92377335337e-05
73	31788	0.00172839552935	0.985170069345	0.000240161937124	0.0290364695383	0.000240161937124
65	19312	0.0280458653792	0.735840017252	4.52348149565e-06	0.154490445859	4.52348149565e-06
77	22532	0.00172839552935	0.0120582757243	1.02509503028e-06	0.0290364695383	1.02509503028e-06
46	42715	0.00172839552935	0.735840017252	4.52348149565e-06	0.0705824848049	4.52348149565e-06
59	29184	0.00759584607947	0.374369129447	4.52348149565e-06	0.0290364695383	4.52348149565e-06
67	21336	0.0280458653792	0.735840017252	1.84218138596e-05	0.0705824848049	1.84218138596e-05
56	47723	0.00759584607947	0.985170069345	6.92377335337e-05	0.0107594324928	6.92377335337e-05
50	23914	0.00759584607947	0.985170069345	0.000240161937124	0.0705824848049	0.000240161937124
77	30715	0.000330423485365	0.374369129447	0.000768805345611	0.0705824848049	0.000330423485365
48	45819	0.0280458653792	0.735840017252	6.92377335337e-05	0.0705824848049	6.92377335337e-05
71	29411	0.0280458653792	0.985170069345	0.000240161937124	0.530907621464	0.000240161937124
48	7843	0.00759584607947	0.985170069345	1.84218138596e-05	0.0290364695383	1.84218138596e-05
46	18327	0.0280458653792	0.985170069345	4.52348149565e-06	0.0290364695383	4.52348149565e-06
77	40071	0.0280458653792	0.985170069345	0.000240161937124	0.0705824848049	0.000240161937124
34	42688	0.00172839552935	0.735840017252	4.52348149565e-06	0.0705824848049	4.52348149565e-06
72	32098	0.00759584607947	0.147344284293	6.92377335337e-05	0.0107594324928	6.92377335337e-05
97	42138	0.00759584607947	0.735840017252	1.02509503028e-06	0.0705824848049	1.02509503028e-06
90	20849	0.000330423485365	0.147344284293	4.52348149565e-06	0.0290364695383	4.52348149565e-06
64	30404	0.00759584607947	0.985170069345	6.92377335337e-05	0.0705824848049	6.92377335337e-05
34	22534	0.00172839552935	0.0120582757243	1.02509503028e-06	0.0290364695383	1.02509503028e-06
28	22317	0.00759584607947	0.374369129447	0.00227132610238	0.797356135917	0.00227132610238
86	32817	0.0869939344952	0.985170069345	6.92377335337e-05	0.0705824848049	6.92377335337e-05
91	12018	0.00172839552935	0.0025221541349	1.02509503028e-06	0.0290364695383	1.02509503028e-06
70	15074	0.0869939344952	0.374369129447	0.00227132610238	0.0705824848049	0.00227132610238
96	4281	0.00759584607947	0.735840017252	4.52348149565e-06	0.0705824848049	4.52348149565e-06
98	19685	0.0280458653792	0.147344284293	6.92377335337e-05	0.0705824848049	6.92377335337e-05
90	1879	0.00759584607947	0.735840017252	1.84218138596e-05	0.0290364695383	1.84218138596e-05
78	5035	0.00759584607947	0.374369129447	4.52348149565e-06	0.154490445859	4.52348149565e-06
95	3165	0.00759584607947	0.735840017252	6.92377335337e-05	0.0290364695383	6.92377335337e-05
56	41810	0.0869939344952	0.735840017252	0.000768805345611	0.154490445859	0.000768805345611
26	47311	0.00759584607947	0.374369129447	6.92377335337e-05	0.0290364695383	6.92377335337e-05
46	6133	0.0280458653792	0.985170069345	1.84218138596e-05	0.0290364695383	1.84218138596e-05
29	2998	0.0280458653792	0.735840017252	6.92377335337e-05	0.0290364695383	6.92377335337e-05
73	7735	0.00172839552935	0.735840017252	4.52348149565e-06	0.0705824848049	4.52348149565e-06
99	37160	0.0280458653792	0.985170069345	1.84218138596e-05	0.0705824848049	1.84218138596e-05
75	2993	0.00759584607947	0.735840017252	6.92377335337e-05	0.0290364695383	6.92377335337e-05
77	11873	0.00759584607947	0.735840017252	1.84218138596e-05	0.154490445859	1.84218138596e-05
82	7436	0.0280458653792	0.735840017252	4.52348149565e-06	0.0290364695383	4.52348149565e-06
82	41407	0.0280458653792	0.735840017252	1.02509503028e-06	0.0290364695383	1.02509503028e-06
87	12373	0.00759584607947	0.735840017252	6.92377335337e-05	0.0290364695383	6.92377335337e-05
22	8748	0.00759584607947	0.374369129447	1.84218138596e-05	0.0705824848049	1.84218138596e-05
23	19116	0.00759584607947	0.985170069345	0.000240161937124	0.0705824848049	0.000240161937124
29	11238	0.00759584607947	0.735840017252	0.000240161937124	0.0705824848049	0.000240161937124
59	45059	0.00759584607947	0.735840017252	1.84218138596e-05	0.0705824848049	1.84218138596e-05
50	3894	0.00759584607947	0.374369129447	1.02509503028e-06	0.0290364695383	1.02509503028e-06
100	26362	0.00172839552935	0.374369129447	1.02509503028e-06	0.0705824848049	1.02509503028e-06
83	38579	0.00759584607947	0.374369129447	1.84218138596e-05	0.0705824848049	1.84218138596e-05
26	37060	0.0869939344952	0.735840017252	4.52348149565e-06	0.0290364695383	4.52348149565e-06
57	10483	0.00172839552935	0.735840017252	6.92377335337e-05	0.0705824848049	6.92377335337e-05
27	41058	0.00172839552935	0.374369129447	6.92377335337e-05	0.0290364695383	6.92377335337e-05
21	5293	0.00759584607947	0.985170069345	4.52348149565e-06	0.0705824848049	4.52348149565e-06
98	43021	0.0280458653792	0.735840017252	0.000240161937124	0.154490445859	0.000240161937124
23	33227	0.0869939344952	0.374369129447	1.84218138596e-05	0.154490445859	1.84218138596e-05
95	47237	0.00172839552935	0.985170069345	4.52348149565e-06	0.0705824848049	4.52348149565e-06
46	17445	0.0280458653792	0.735840017252	0.000240161937124	0.0705824848049	0.000240161937124
44	7410	0.00759584607947	0.735840017252	4.52348149565e-06	0.0705824848049	4.52348149565e-06
51	3549	0.0869939344952	0.735840017252	0.000240161937124	0.0705824848049	0.000240161937124
63	3614	0.0280458653792	0.985170069345	0.00227132610238	0.154490445859	0.00227132610238
78	3024	0.0869939344952	0.374369129447	4.52348149565e-06	0.0705824848049	4.52348149565e-06
86	33590	0.00172839552935	0.985170069345	6.92377335337e-05	0.0705824848049	6.92377335337e-05
93	11972	0.00759584607947	0.374369129447	6.92377335337e-05	0.0290364695383	6.92377335337e-05
75	5058	0.0280458653792	0.735840017252	1.02509503028e-06	0.154490445859	1.02509503028e-06
78	32166	0.00172839552935	0.985170069345	0.000240161937124	0.0705824848049	0.000240161937124
31	47439	0.0280458653792	0.735840017252	4.52348149565e-06	0.0705824848049	4.52348149565e-06
64	26810	0.00759584607947	0.985170069345	6.92377335337e-05	0.154490445859	6.92377335337e-05
62	1428	0.00759584607947	0.374369129447	1.84218138596e-05	0.154490445859	1.84218138596e-05
28	43329	0.0280458653792	0.374369129447	4.52348149565e-06	0.0705824848049	4.52348149565e-06
51	34819	0.0869939344952	0.735840017252	6.92377335337e-05	0.154490445859	6.92377335337e-05
38	41042	0.00172839552935	0.735840017252	6.92377335337e-05	0.0290364695383	6.92377335337e-05
36	1444	0.0280458653792	0.374369129447	1.84218138596e-05	0.0705824848049	1.84218138596e-05
24	28911	0.00759584607947	0.985170069345	1.84218138596e-05	0.0705824848049	1.84218138596e-05
87	8629	0.0869939344952	0.374369129447	6.92377335337e-05	0.0705824848049	6.92377335337e-05
89	41233	0.22641589036	0.735840017252	1.84218138596e-05	0.0290364695383	1.84218138596e-05
29	21687	0.00759584607947	0.735840017252	4.52348149565e-06	0.0705824848049	4.52348149565e-06
32	1491	0.00172839552935	0.374369129447	1.02509503028e-06	0.0290364695383	1.02509503028e-06
96	7844	0.00759584607947	0.985170069345	1.84218138596e-05	0.0290364695383	1.84218138596e-05
84	47891	0.00759584607947	0.735840017252	6.92377335337e-05	0.0705824848049	6.92377335337e-05
77	24206	0.0280458653792	0.985170069345	6.92377335337e-05	0.0290364695383	6.92377335337e-05
79	30284	0.00759584607947	0.735840017252	6.92377335337e-05	0.0290364695383	6.92377335337e-05
84	41569	0.0280458653792	0.735840017252	1.84218138596e-05	0.0705824848049	1.84218138596e-05
68	4061	0.00759584607947	0.735840017252	6.92377335337e-05	0.154490445859	6.92377335337e-05
65	7544	0.0280458653792	0.374369129447	0.000240161937124	0.0705824848049	0.000240161937124
25	45060	0.0280458653792	0.735840017252	4.52348149565e-06	0.0705824848049	4.52348149565e-06
49	30929	0.00759584607947	0.985170069345	4.52348149565e-06	0.0705824848049	4.52348149565e-06
26	44219	0.00172839552935	0.735840017252	4.52348149565e-06	0.154490445859	4.52348149565e-06
52	731	0.00172839552935	0.735840017252	1.02509503028e-06	0.0107594324928	1.02509503028e-06
96	8075	0.0869939344952	0.999999999415	1.84218138596e-05	0.0705824848049	1.84218138596e-05
61	16037	0.00172839552935	0.985170069345	1.84218138596e-05	0.0705824848049	1.84218138596e-05
75	15221	0.00759584607947	0.985170069345	6.92377335337e-05	0.0290364695383	6.92377335337e-05
98	42536	0.00759584607947	0.374369129447	6.92377335337e-05	0.0705824848049	6.92377335337e-05
93	10785	0.0280458653792	0.735840017252	1.84218138596e-05	0.0290364695383	1.84218138596e-05
35	28483	0.00172839552935	0.735840017252	6.92377335337e-05	0.0107594324928	6.92377335337e-05
25	46923	0.22641589036	0.985170069345	4.52348149565e-06	0.0705824848049	4.52348149565e-06
30	7628	0.00759584607947	0.374369129447	1.84218138596e-05	0.154490445859	1.84218138596e-05
27	18155	0.0280458653792	0.985170069345	0.000240161937124	0.0705824848049	0.000240161937124
58	22628	0.00172839552935	0.985170069345	1.84218138596e-05	0.0705824848049	1.84218138596e-05
96	7843	0.00759584607947	0.985170069345	1.84218138596e-05	0.0290364695383	1.84218138596e-05
29	15003	0.00759584607947	0.735840017252	4.52348149565e-06	0.0705824848049	4.52348149565e-06
20	10722	0.00172839552935	0.735840017252	1.84218138596e-05	0.530907621464	1.84218138596e-05
78	37533	0.00759584607947	0.374369129447	6.92377335337e-05	0.0290364695383	6.92377335337e-05
72	18654	0.0869939344952	0.374369129447	1.84218138596e-05	0.303782407114	1.84218138596e-05
56	45875	0.00172839552935	0.985170069345	4.52348149565e-06	0.0705824848049	4.52348149565e-06
34	4072	0.0280458653792	0.735840017252	0.000240161937124	0.154490445859	0.000240161937124
62	39851	0.0280458653792	0.985170069345	6.92377335337e-05	0.0705824848049	6.92377335337e-05
62	24761	0.0280458653792	0.985170069345	1.84218138596e-05	0.0705824848049	1.84218138596e-05
88	21031	0.00759584607947	0.985170069345	0.000768805345611	0.0705824848049	0.000768805345611
84	25087	0.0869939344952	0.147344284293	1.84218138596e-05	0.0290364695383	1.84218138596e-05
100	9345	0.0869939344952	0.985170069345	6.92377335337e-05	0.0705824848049	6.92377335337e-05
24	7891	0.0869939344952	0.735840017252	1.84218138596e-05	0.0705824848049	1.84218138596e-05
85	4376	0.00172839552935	0.735840017252	1.02509503028e-06	0.0705824848049	1.02509503028e-06
60	25299	0.000330423485365	0.735840017252	1.84218138596e-05	0.0290364695383	1.84218138596e-05
73	31889	0.0280458653792	0.985170069345	6.92377335337e-05	0.0290364695383	6.92377335337e-05
81	14414	0.00172839552935	0.374369129447	1.84218138596e-05	0.0705824848049	1.84218138596e-05
83	25325	0.0280458653792	0.374369129447	0.000768805345611	0.0290364695383	0.000768805345611
45	12131	0.000330423485365	0.985170069345	6.92377335337e-05	0.0705824848049	6.92377335337e-05
45	29566	0.0280458653792	0.985170069345	1.02509503028e-06	0.0705824848049	1.02509503028e-06
42	1408	0.0280458653792	0.985170069345	1.84218138596e-05	0.154490445859	1.84218138596e-05
28	700	0.00759584607947	0.374369129447	6.92377335337e-05	0.0107594324928	6.92377335337e-05
95	40269	0.00759584607947	0.985170069345	0.000768805345611	0.0290364695383	0.000768805345611
92	4638	0.0869939344952	0.985170069345	0.000240161937124	0.303782407114	0.000240161937124
43	17749	0.00759584607947	0.735840017252	1.84218138596e-05	0.0290364695383	1.84218138596e-05
40	13369	0.0280458653792	0.985170069345	0.000240161937124	0.0290364695383	0.000240161937124
79	34510	0.0869939344952	0.985170069345	1.84218138596e-05	0.0290364695383	1.84218138596e-05
89	14821	0.00759584607947	0.985170069345	1.02509503028e-06	0.00359127706428	1.02509503028e-06
41	41636	0.00172839552935	0.735840017252	6.92377335337e-05	0.0705824848049	6.92377335337e-05
85	42964	0.0280458653792	0.735840017252	0.000768805345611	0.0290364695383	0.000768805345611
74	4476	0.0869939344952	0.735840017252	6.92377335337e-05	0.530907621464	6.92377335337e-05
37	17577	0.00759584607947	0.735840017252	0.000768805345611	0.154490445859	0.000768805345611
78	35155	0.22641589036	0.735840017252	4.52348149565e-06	0.0705824848049	4.52348149565e-06
65	28420	0.00759584607947	0.374369129447	4.52348149565e-06	0.154490445859	4.52348149565e-06
72	28118	0.00759584607947	0.374369129447	1.02509503028e-06	0.154490445859	1.02509503028e-06
61	2494	0.00759584607947	0.985170069345	6.92377335337e-05	0.0705824848049	6.92377335337e-05
82	33423	0.00172839552935	0.374369129447	1.02509503028e-06	0.0290364695383	1.02509503028e-06
79	14062	0.0280458653792	0.735840017252	6.92377335337e-05	0.154490445859	6.92377335337e-05
58	10160	0.0280458653792	0.735840017252	6.92377335337e-05	0.303782407114	6.92377335337e-05
32	16285	0.00172839552935	0.735840017252	1.84218138596e-05	0.0705824848049	1.84218138596e-05
68	46363	0.0280458653792	0.985170069345	1.84218138596e-05	0.0705824848049	1.84218138596e-05
52	35601	0.00759584607947	0.735840017252	0.000240161937124	0.530907621464	0.000240161937124
98	28545	0.0280458653792	0.735840017252	0.000768805345611	0.0107594324928	0.000768805345611
29	10520	0.00759584607947	0.735840017252	4.52348149565e-06	0.0705824848049	4.52348149565e-06
24	608	0.0869939344952	0.735840017252	1.84218138596e-05	0.0705824848049	1.84218138596e-05
35	40361	0.00172839552935	0.735840017252	1.02509503028e-06	0.0705824848049	1.02509503028e-06
35	18209	0.000330423485365	0.735840017252	1.84218138596e-05	0.0107594324928	1.84218138596e-05
32	16803	0.00759584607947	0.985170069345	6.92377335337e-05	0.0705824848049	6.92377335337e-05
53	29323	0.0280458653792	0.985170069345	1.84218138596e-05	0.154490445859	1.84218138596e-05
76	27336	0.00759584607947	0.374369129447	1.02509503028e-06	0.0290364695383	1.02509503028e-06
43	40075	0.00759584607947	0.735840017252	6.92377335337e-05	0.0705824848049	6.92377335337e-05
94	15886	0.00759584607947	0.374369129447	1.02509503028e-06	0.0705824848049	1.02509503028e-06
74	25816	0.0280458653792	0.374369129447	1.84218138596e-05	0.0290364695383	1.84218138596e-05
59	9429	0.00759584607947	0.735840017252	1.84218138596e-05	0.0705824848049	1.84218138596e-05
93	44118	0.0280458653792	0.374369129447	0.000240161937124	0.0705824848049	0.000240161937124
29	43364	0.0280458653792	0.147344284293	4.52348149565e-06	0.154490445859	4.52348149565e-06
40	23263	0.00759584607947	0.735840017252	4.52348149565e-06	0.0705824848049	4.52348149565e-06
21	4567	0.00759584607947	0.735840017252	1.84218138596e-05	0.0290364695383	1.84218138596e-05
64	45785	0.00759584607947	0.985170069345	6.92377335337e-05	0.154490445859	6.92377335337e-05
20	5421	0.00172839552935	0.735840017252	4.52348149565e-06	0.0107594324928	4.52348149565e-06
65	32098	0.00759584607947	0.147344284293	6.92377335337e-05	0.0107594324928	6.92377335337e-05
23	45967	0.00759584607947	0.735840017252	4.52348149565e-06	0.0705824848049	4.52348149565e-06
82	44195	0.0869939344952	0.735840017252	6.92377335337e-05	0.303782407114	6.92377335337e-05
99	37720	0.00172839552935	0.374369129447	4.52348149565e-06	0.0290364695383	4.52348149565e-06
55	17850	0.0280458653792	0.735840017252	1.84218138596e-05	0.0705824848049	1.84218138596e-05
75	22985	0.00759584607947	0.147344284293	6.92377335337e-05	0.0705824848049	6.92377335337e-05
61	8180	0.00759584607947	0.735840017252	0.000240161937124	0.0705824848049	0.000240161937124
39	4556	0.00759584607947	0.735840017252	1.84218138596e-05	0.0705824848049	1.84218138596e-05
40	47066	0.00759584607947	0.985170069345	0.000240161937124	0.0107594324928	0.000240161937124
58	8326	0.22641589036	0.985170069345	6.92377335337e-05	0.303782407114	6.92377335337e-05
100	3545	0.00759584607947	0.985170069345	4.52348149565e-06	0.154490445859	4.52348149565e-06
26	13912	0.00172839552935	0.735840017252	1.84218138596e-05	0.0107594324928	1.84218138596e-05
23	4587	0.0280458653792	0.735840017252	6.92377335337e-05	0.154490445859	6.92377335337e-05
96	216	0.0280458653792	0.985170069345	6.92377335337e-05	0.0705824848049	6.92377335337e-05
96	6110	0.0280458653792	0.985170069345	1.84218138596e-05	0.0705824848049	1.84218138596e-05
22	35800	0.0280458653792	0.735840017252	6.92377335337e-05	0.154490445859	6.92377335337e-05
55	15568	0.00759584607947	0.735840017252	1.84218138596e-05	0.303782407114	1.84218138596e-05
84	25037	0.00172839552935	0.985170069345	4.52348149565e-06	0.0290364695383	4.52348149565e-06
86	31638	0.00759584607947	0.985170069345	1.84218138596e-05	0.0705824848049	1.84218138596e-05
85	24391	0.00759584607947	0.985170069345	1.02509503028e-06	0.00359127706428	1.02509503028e-06
59	29592	0.00759584607947	0.985170069345	6.92377335337e-05	0.0705824848049	6.92377335337e-05
29	11083	0.0280458653792	0.735840017252	4.52348149565e-06	0.0290364695383	4.52348149565e-06
73	641	0.00172839552935	0.735840017252	1.02509503028e-06	0.0290364695383	1.02509503028e-06
49	39930	0.0280458653792	0.735840017252	6.92377335337e-05	0.0705824848049	6.92377335337e-05
22	47399	0.00759584607947	0.735840017252	6.92377335337e-05	0.0290364695383	6.92377335337e-05
32	45029	0.00759584607947	0.985170069345	6.92377335337e-05	0.0705824848049	6.92377335337e-05
21	38700	0.00172839552935	0.374369129447	4.52348149565e-06	0.0705824848049	4.52348149565e-06
29	40577	0.00759584607947	0.735840017252	1.84218138596e-05	0.154490445859	1.84218138596e-05
34	4071	0.0280458653792	0.735840017252	4.52348149565e-06	0.0290364695383	4.52348149565e-06
84	45879	0.0869939344952	0.374369129447	1.84218138596e-05	0.0290364695383	1.84218138596e-05
72	34520	0.0280458653792	0.735840017252	6.92377335337e-05	0.0705824848049	6.92377335337e-05
29	9875	0.00759584607947	0.999999999415	0.000240161937124	0.154490445859	0.000240161937124
28	3730	0.0280458653792	0.735840017252	0.000240161937124	0.154490445859	0.000240161937124
58	339	0.00759584607947	0.985170069345	1.84218138596e-05	0.0705824848049	1.84218138596e-05
38	4273	0.0280458653792	0.735840017252	0.000240161937124	0.303782407114	0.000240161937124
78	35689	0.0280458653792	0.735840017252	1.84218138596e-05	0.154490445859	1.84218138596e-05
27	42104	0.00172839552935	0.735840017252	6.92377335337e-05	0.0705824848049	6.92377335337e-05
27	38073	0.00172839552935	0.374369129447	1.84218138596e-05	0.0290364695383	1.84218138596e-05
77	18230	0.00759584607947	0.735840017252	6.92377335337e-05	0.0290364695383	6.92377335337e-05
30	47259	0.0280458653792	0.735840017252	6.92377335337e-05	0.0290364695383	6.92377335337e-05
73	31039	0.00759584607947	0.735840017252	4.52348149565e-06	0.303782407114	4.52348149565e-06
99	18986	0.0280458653792	0.735840017252	6.92377335337e-05	0.154490445859	6.92377335337e-05
37	30269	0.00172839552935	0.735840017252	1.84218138596e-05	0.0107594324928	1.84218138596e-05
86	6256	0.00172839552935	0.735840017252	6.92377335337e-05	0.0290364695383	6.92377335337e-05
87	7623	0.00759584607947	0.374369129447	1.84218138596e-05	0.0290364695383	1.84218138596e-05
67	17201	0.00172839552935	0.985170069345	6.92377335337e-05	0.0290364695383	6.92377335337e-05
79	41927	0.0280458653792	0.985170069345	6.92377335337e-05	0.154490445859	6.92377335337e-05
53	44523	0.00759584607947	0.735840017252	0.000768805345611	0.0705824848049	0.000768805345611
79	48422	0.0280458653792	0.735840017252	4.52348149565e-06	0.0705824848049	4.52348149565e-06
96	3338	0.00759584607947	0.147344284293	1.84218138596e-05	0.0705824848049	1.84218138596e-05
82	3517	0.00759584607947	0.985170069345	1.84218138596e-05	0.0290364695383	1.84218138596e-05
20	9850	0.0280458653792	0.735840017252	6.92377335337e-05	0.0290364695383	6.92377335337e-05
37	30263	0.00172839552935	0.985170069345	6.92377335337e-05	0.0107594324928	6.92377335337e-05
27	46687	0.00172839552935	0.735840017252	4.52348149565e-06	0.0705824848049	4.52348149565e-06
58	8131	0.0280458653792	0.985170069345	6.92377335337e-05	0.154490445859	6.92377335337e-05
88	5034	0.22641589036	0.985170069345	4.52348149565e-06	0.0290364695383	4.52348149565e-06
23	45268	0.000330423485365	0.735840017252	6.92377335337e-05	0.0705824848049	6.92377335337e-05
39	38129	0.0280458653792	0.735840017252	1.84218138596e-05	0.0705824848049	1.84218138596e-05
82	22245	0.00172839552935	0.735840017252	1.84218138596e-05	0.0290364695383	1.84218138596e-05
82	14000	0.00172839552935	0.735840017252	4.52348149565e-06	0.0705824848049	4.52348149565e-06
92	35598	0.00759584607947	0.374369129447	1.84218138596e-05	0.0705824848049	1.84218138596e-05
43	28947	0.00172839552935	0.374369129447	0.000240161937124	0.154490445859	0.000240161937124
28	8934	0.00172839552935	0.735840017252	1.84218138596e-05	0.0705824848049	1.84218138596e-05
72	6379	0.00172839552935	0.985170069345	0.00227132610238	0.0705824848049	0.00172839552935
100	35845	0.00759584607947	0.735840017252	1.02509503028e-06	0.530907621464	1.02509503028e-06
48	37753	0.0280458653792	0.985170069345	0.000768805345611	0.154490445859	0.000768805345611
42	22178	0.0280458653792	0.735840017252	6.92377335337e-05	0.0705824848049	6.92377335337e-05
87	25168	0.00172839552935	0.985170069345	1.02509503028e-06	0.154490445859	1.02509503028e-06
84	4672	0.00759584607947	0.985170069345	6.92377335337e-05	0.0705824848049	6.92377335337e-05
28	34509	0.0280458653792	0.985170069345	6.92377335337e-05	0.154490445859	6.92377335337e-05
22	14210	0.00172839552935	0.374369129447	4.52348149565e-06	0.0705824848049	4.52348149565e-06
98	23432	0.0280458653792	0.985170069345	1.84218138596e-05	0.154490445859	1.84218138596e-05
40	7396	0.00759584607947	0.374369129447	4.52348149565e-06	0.0705824848049	4.52348149565e-06
54	36797	0.00759584607947	0.735840017252	6.92377335337e-05	0.0705824848049	6.92377335337e-05
23	23323	0.0280458653792	0.735840017252	1.84218138596e-05	0.0705824848049	1.84218138596e-05
37	31368	0.00759584607947	0.735840017252	0.000768805345611	0.0107594324928	0.000768805345611
59	12421	0.0280458653792	0.985170069345	1.84218138596e-05	0.0705824848049	1.84218138596e-05
80	16765	0.0280458653792	0.374369129447	1.02509503028e-06	0.303782407114	1.02509503028e-06
65	5307	0.00172839552935	0.735840017252	0.000240161937124	0.0705824848049	0.000240161937124
40	5119	0.0869939344952	0.735840017252	6.92377335337e-05	0.154490445859	6.92377335337e-05
32	42949	0.00172839552935	0.735840017252	6.92377335337e-05	0.0290364695383	6.92377335337e-05
29	18828	0.0869939344952	0.985170069345	4.52348149565e-06	0.0705824848049	4.52348149565e-06
57	20665	0.0280458653792	0.374369129447	1.02509503028e-06	0.0705824848049	1.02509503028e-06
96	3617	0.00172839552935	0.374369129447	6.92377335337e-05	0.0107594324928	6.92377335337e-05
97	20363	0.0280458653792	0.985170069345	6.92377335337e-05	0.154490445859	6.92377335337e-05
60	44650	0.000330423485365	0.735840017252	6.92377335337e-05	0.0290364695383	6.92377335337e-05
99	37672	0.0280458653792	0.985170069345	0.00227132610238	0.0705824848049	0.00227132610238
85	8747	0.00759584607947	0.735840017252	4.52348149565e-06	0.0107594324928	4.52348149565e-06
98	36263	0.00759584607947	0.374369129447	6.92377335337e-05	0.0107594324928	6.92377335337e-05
31	32233	0.00172839552935	0.735840017252	0.000240161937124	0.0705824848049	0.000240161937124
42	5022	0.0869939344952	0.985170069345	6.92377335337e-05	0.0705824848049	6.92377335337e-05
81	20103	0.0280458653792	0.374369129447	4.52348149565e-06	0.0107594324928	4.52348149565e-06
50	36395	0.00172839552935	0.374369129447	1.84218138596e-05	0.0705824848049	1.84218138596e-05
39	48316	0.00172839552935	0.374369129447	1.84218138596e-05	0.0705824848049	1.84218138596e-05
90	18486	0.0280458653792	0.374369129447	1.84218138596e-05	0.0705824848049	1.84218138596e-05
89	42016	0.00759584607947	0.985170069345	4.52348149565e-06	0.0107594324928	4.52348149565e-06
60	36985	0.0280458653792	0.374369129447	2.14390886279e-07	0.303782407114	2.14390886279e-07
34	39161	0.0280458653792	0.374369129447	4.52348149565e-06	0.154490445859	4.52348149565e-06
95	24213	0.00759584607947	0.985170069345	0.000240161937124	0.154490445859	0.000240161937124
74	40570	0.0280458653792	0.985170069345	6.92377335337e-05	0.0290364695383	6.92377335337e-05
30	8308	0.00759584607947	0.735840017252	4.52348149565e-06	0.0107594324928	4.52348149565e-06
89	45603	0.0869939344952	0.985170069345	0.000768805345611	0.154490445859	0.000768805345611
48	46448	0.0280458653792	0.735840017252	1.84218138596e-05	0.0290364695383	1.84218138596e-05
96	3537	0.00759584607947	0.0467941539207	4.52348149565e-06	0.0705824848049	4.52348149565e-06
92	890	0.00759584607947	0.735840017252	6.92377335337e-05	0.0290364695383	6.92377335337e-05
83	24082	0.00759584607947	0.735840017252	4.52348149565e-06	0.0705824848049	4.52348149565e-06
37	26277	0.0869939344952	0.735840017252	4.52348149565e-06	0.0705824848049	4.52348149565e-06
74	35358	0.00759584607947	0.985170069345	0.000240161937124	0.0290364695383	0.000240161937124
46	15698	0.0280458653792	0.985170069345	1.02509503028e-06	0.0705824848049	1.02509503028e-06
39	44730	0.00172839552935	0.985170069345	6.92377335337e-05	0.0107594324928	6.92377335337e-05
61	31950	0.00759584607947	0.985170069345	6.92377335337e-05	0.0290364695383	6.92377335337e-05
67	1104	0.00759584607947	0.985170069345	4.52348149565e-06	0.0705824848049	4.52348149565e-06
56	8397	0.00759584607947	0.985170069345	6.92377335337e-05	0.0290364695383	6.92377335337e-05
34	37885	0.00759584607947	0.985170069345	1.84218138596e-05	0.0705824848049	1.84218138596e-05
34	41946	0.0280458653792	0.735840017252	1.84218138596e-05	0.530907621464	1.84218138596e-05
44	12600	0.00759584607947	0.985170069345	6.92377335337e-05	0.0705824848049	6.92377335337e-05
24	11703	0.0869939344952	0.374369129447	1.84218138596e-05	0.0705824848049	1.84218138596e-05
75	9322	0.0280458653792	0.735840017252	1.84218138596e-05	0.0705824848049	1.84218138596e-05
32	27603	0.00172839552935	0.735840017252	6.92377335337e-05	0.0290364695383	6.92377335337e-05
41	42876	0.0280458653792	0.985170069345	0.00227132610238	0.0705824848049	0.00227132610238
29	43979	0.00759584607947	0.374369129447	6.92377335337e-05	0.0290364695383	6.92377335337e-05
50	38348	0.00759584607947	0.735840017252	4.52348149565e-06	0.0705824848049	4.52348149565e-06
40	26570	0.00172839552935	0.0025221541349	1.02509503028e-06	0.0290364695383	1.02509503028e-06
97	41982	0.0280458653792	0.985170069345	1.84218138596e-05	0.154490445859	1.84218138596e-05
60	40512	0.00759584607947	0.147344284293	1.84218138596e-05	0.303782407114	1.84218138596e-05
34	27820	0.00759584607947	0.735840017252	6.92377335337e-05	0.303782407114	6.92377335337e-05
31	47491	0.0869939344952	0.735840017252	1.84218138596e-05	0.154490445859	1.84218138596e-05
44	47444	0.0280458653792	0.374369129447	1.02509503028e-06	0.0290364695383	1.02509503028e-06
90	5514	0.00759584607947	0.985170069345	6.92377335337e-05	0.0290364695383	6.92377335337e-05
63	13158	0.0280458653792	0.735840017252	1.02509503028e-06	0.154490445859	1.02509503028e-06
62	38604	0.0869939344952	0.985170069345	1.02509503028e-06	0.0290364695383	1.02509503028e-06
98	4748	0.0280458653792	0.374369129447	2.14390886279e-07	0.0705824848049	2.14390886279e-07
85	9166	0.000330423485365	0.374369129447	4.52348149565e-06	0.0705824848049	4.52348149565e-06
80	7826	0.00172839552935	0.374369129447	1.84218138596e-05	0.0705824848049	1.84218138596e-05
37	1510	0.00172839552935	0.735840017252	4.52348149565e-06	0.0705824848049	4.52348149565e-06
24	46065	0.00172839552935	0.985170069345	0.000240161937124	0.0290364695383	0.000240161937124
47	22012	0.00759584607947	0.985170069345	1.84218138596e-05	0.0290364695383	1.84218138596e-05
82	27406	0.0280458653792	0.735840017252	1.84218138596e-05	0.154490445859	1.84218138596e-05
63	20727	0.00759584607947	0.735840017252	0.000240161937124	0.154490445859	0.000240161937124
67	9892	0.0869939344952	0.985170069345	0.000240161937124	0.0290364695383	0.000240161937124
31	2893	0.00759584607947	0.735840017252	1.84218138596e-05	0.0705824848049	1.84218138596e-05
71	2446	0.0280458653792	0.735840017252	0.000240161937124	0.0705824848049	0.000240161937124
45	8664	0.0869939344952	0.735840017252	0.000240161937124	0.303782407114	0.000240161937124
35	16413	0.0280458653792	0.735840017252	2.14390886279e-07	0.303782407114	2.14390886279e-07
64	25946	0.0869939344952	0.735840017252	0.000768805345611	0.154490445859	0.000768805345611
73	7768	0.00759584607947	0.735840017252	1.02509503028e-06	0.0705824848049	1.02509503028e-06
51	20122	0.00759584607947	0.735840017252	4.52348149565e-06	0.154490445859	4.52348149565e-06
70	6732	0.00759584607947	0.735840017252	6.92377335337e-05	0.0705824848049	6.92377335337e-05
22	32154	0.00759584607947	0.735840017252	1.84218138596e-05	0.0705824848049	1.84218138596e-05
48	38447	0.0280458653792	0.735840017252	4.52348149565e-06	0.0705824848049	4.52348149565e-06
53	20059	0.00759584607947	0.985170069345	6.92377335337e-05	0.0290364695383	6.92377335337e-05
51	23055	0.0280458653792	0.735840017252	1.02509503028e-06	0.303782407114	1.02509503028e-06
60	13025	0.000330423485365	0.735840017252	4.52348149565e-06	0.0290364695383	4.52348149565e-06
100	3816	0.00759584607947	0.147344284293	6.92377335337e-05	0.0290364695383	6.92377335337e-05
39	9724	0.00759584607947	0.735840017252	1.84218138596e-05	0.0705824848049	1.84218138596e-05
41	36357	0.00172839552935	0.985170069345	0.000240161937124	0.0705824848049	0.000240161937124
66	48034	0.22641589036	0.374369129447	1.84218138596e-05	0.0290364695383	1.84218138596e-05
84	22997	0.00759584607947	0.985170069345	1.84218138596e-05	0.154490445859	1.84218138596e-05
39	26857	0.00172839552935	0.735840017252	1.02509503028e-06	0.0290364695383	1.02509503028e-06
38	632	0.0869939344952	0.735840017252	0.000240161937124	0.0705824848049	0.000240161937124
98	33326	0.00759584607947	0.735840017252	1.84218138596e-05	0.0290364695383	1.84218138596e-05
96	15519	0.00172839552935	0.735840017252	1.84218138596e-05	0.0290364695383	1.84218138596e-05
64	24878	0.0280458653792	0.735840017252	6.92377335337e-05	0.0705824848049	6.92377335337e-05
46	36842	0.00172839552935	0.374369129447	1.84218138596e-05	0.0705824848049	1.84218138596e-05
43	31023	0.00759584607947	0.735840017252	6.92377335337e-05	0.530907621464	6.92377335337e-05
67	23418	0.0280458653792	0.735840017252	0.000240161937124	0.0705824848049	0.000240161937124
39	30490	0.00759584607947	0.985170069345	1.84218138596e-05	0.0290364695383	1.84218138596e-05
50	24988	0.0280458653792	0.147344284293	4.52348149565e-06	0.0290364695383	4.52348149565e-06
38	2460	0.00172839552935	0.985170069345	6.92377335337e-05	0.0290364695383	6.92377335337e-05
87	47661	0.000330423485365	0.735840017252	1.84218138596e-05	0.0290364695383	1.84218138596e-05
93	47984	0.0280458653792	0.374369129447	4.52348149565e-06	0.0705824848049	4.52348149565e-06
78	35312	0.0280458653792	0.735840017252	1.84218138596e-05	0.0705824848049	1.84218138596e-05
50	45110	0.00759584607947	0.985170069345	1.84218138596e-05	0.0705824848049	1.84218138596e-05
76	3847	0.00759584607947	0.985170069345	0.00619289133171	0.0705824848049	0.00619289133171
99	25345	0.00759584607947	0.735840017252	1.02509503028e-06	0.154490445859	1.02509503028e-06
88	42914	0.00172839552935	0.735840017252	1.84218138596e-05	0.0290364695383	1.84218138596e-05
25	15333	0.00759584607947	0.985170069345	4.52348149565e-06	0.0705824848049	4.52348149565e-06
42	5421	0.00172839552935	0.735840017252	4.52348149565e-06	0.0107594324928	4.52348149565e-06
96	38320	0.0869939344952	0.985170069345	6.92377335337e-05	0.0107594324928	6.92377335337e-05
98	10248	0.00759584607947	0.735840017252	4.52348149565e-06	0.0705824848049	4.52348149565e-06
36	11166	0.00759584607947	0.985170069345	4.52348149565e-06	0.154490445859	4.52348149565e-06
38	20350	0.00759584607947	0.735840017252	4.52348149565e-06	0.0705824848049	4.52348149565e-06
53	9660	0.0280458653792	0.735840017252	0.000240161937124	0.0705824848049	0.000240161937124
53	28389	0.00759584607947	0.985170069345	6.92377335337e-05	0.0705824848049	6.92377335337e-05
63	9757	0.00759584607947	0.735840017252	0.000240161937124	0.0290364695383	0.000240161937124
70	28738	0.00172839552935	0.735840017252	1.84218138596e-05	0.0705824848049	1.84218138596e-05
55	26119	0.0280458653792	0.374369129447	1.02509503028e-06	0.0705824848049	1.02509503028e-06
22	31859	0.00759584607947	0.735840017252	4.52348149565e-06	0.0705824848049	4.52348149565e-06
77	25270	0.00759584607947	0.374369129447	1.02509503028e-06	0.154490445859	1.02509503028e-06
71	22462	0.00759584607947	0.985170069345	4.52348149565e-06	0.0705824848049	4.52348149565e-06
20	26182	0.00759584607947	0.985170069345	4.52348149565e-06	0.530907621464	4.52348149565e-06
54	7456	0.00172839552935	0.735840017252	1.84218138596e-05	0.0705824848049	1.84218138596e-05
56	32631	0.0869939344952	0.374369129447	6.92377335337e-05	0.154490445859	6.92377335337e-05
51	32284	0.00759584607947	0.985170069345	1.02509503028e-06	0.0290364695383	1.02509503028e-06
21	41135	0.00172839552935	0.374369129447	4.52348149565e-06	0.0290364695383	4.52348149565e-06
60	3321	0.0869939344952	0.374369129447	2.14390886279e-07	0.0107594324928	2.14390886279e-07
30	5189	0.00759584607947	0.985170069345	0.00227132610238	0.0705824848049	0.00227132610238
40	21475	0.00759584607947	0.985170069345	1.84218138596e-05	0.0705824848049	1.84218138596e-05
88	47594	0.00759584607947	0.374369129447	1.84218138596e-05	0.0705824848049	1.84218138596e-05
49	721	0.0280458653792	0.735840017252	6.92377335337e-05	0.0705824848049	6.92377335337e-05
35	23475	0.00172839552935	0.0025221541349	1.02509503028e-06	0.0107594324928	1.02509503028e-06
24	7826	0.00172839552935	0.374369129447	1.84218138596e-05	0.0705824848049	1.84218138596e-05
75	35939	0.00759584607947	0.735840017252	0.000240161937124	0.0705824848049	0.000240161937124
63	28854	0.0280458653792	0.735840017252	1.84218138596e-05	0.0705824848049	1.84218138596e-05
32	19017	0.0280458653792	0.985170069345	1.84218138596e-05	0.0705824848049	1.84218138596e-05
48	31225	0.00759584607947	0.147344284293	4.52348149565e-06	0.303782407114	4.52348149565e-06
42	15072	0.0280458653792	0.374369129447	1.02509503028e-06	0.0290364695383	1.02509503028e-06
45	28467	0.00759584607947	0.985170069345	1.84218138596e-05	0.303782407114	1.84218138596e-05
40	43964	0.00172839552935	0.735840017252	1.84218138596e-05	0.0705824848049	1.84218138596e-05
34	32319	0.0280458653792	0.374369129447	4.52348149565e-06	0.0705824848049	4.52348149565e-06
27	48008	0.00172839552935	0.735840017252	1.02509503028e-06	0.0705824848049	1.02509503028e-06
43	24459	0.0280458653792	0.735840017252	1.84218138596e-05	0.0290364695383	1.84218138596e-05
79	7719	0.00759584607947	0.735840017252	4.52348149565e-06	0.154490445859	4.52348149565e-06
68	25451	0.00759584607947	0.735840017252	6.92377335337e-05	0.0290364695383	6.92377335337e-05
59	15049	0.00759584607947	0.735840017252	0.000768805345611	0.0705824848049	0.000768805345611
79	18057	0.0280458653792	0.374369129447	0.000240161937124	0.0705824848049	0.000240161937124
71	214	0.0869939344952	0.735840017252	1.84218138596e-05	0.303782407114	1.84218138596e-05
99	33865	0.00172839552935	0.985170069345	0.000240161937124	0.0705824848049	0.000240161937124
66	1122	0.00759584607947	0.735840017252	4.52348149565e-06	0.0705824848049	4.52348149565e-06
71	33349	0.00172839552935	0.735840017252	0.00227132610238	0.0290364695383	0.00172839552935
84	15048	0.00759584607947	0.985170069345	6.92377335337e-05	0.00359127706428	6.92377335337e-05
60	36840	0.00172839552935	0.0467941539207	4.52348149565e-06	0.0705824848049	4.52348149565e-06
71	14684	0.0280458653792	0.374369129447	4.52348149565e-06	0.0705824848049	4.52348149565e-06
37	14349	0.00172839552935	0.735840017252	0.000768805345611	0.0290364695383	0.000768805345611
71	5414	0.00759584607947	0.735840017252	0.000240161937124	0.0107594324928	0.000240161937124
85	45072	0.00759584607947	0.985170069345	1.84218138596e-05	0.0705824848049	1.84218138596e-05
24	48497	0.00759584607947	0.374369129447	1.84218138596e-05	0.0290364695383	1.84218138596e-05
50	18451	0.000330423485365	0.985170069345	0.000240161937124	0.0290364695383	0.000240161937124
37	43234	0.0869939344952	0.735840017252	4.52348149565e-06	0.0705824848049	4.52348149565e-06
54	5567	0.00759584607947	0.147344284293	1.84218138596e-05	0.0290364695383	1.84218138596e-05
33	27413	0.00759584607947	0.735840017252	1.02509503028e-06	0.154490445859	1.02509503028e-06
46	3310	0.0280458653792	0.735840017252	6.92377335337e-05	0.0705824848049	6.92377335337e-05
80	3071	0.00759584607947	0.735840017252	1.02509503028e-06	0.0705824848049	1.02509503028e-06
74	30444	0.00759584607947	0.735840017252	1.84218138596e-05	0.0705824848049	1.84218138596e-05
87	16370	0.00172839552935	0.735840017252	1.84218138596e-05	0.0705824848049	1.84218138596e-05
90	16381	0.22641589036	0.374369129447	6.92377335337e-05	0.154490445859	6.92377335337e-05
78	34312	0.000330423485365	0.735840017252	1.84218138596e-05	0.0705824848049	1.84218138596e-05
77	22641	0.00759584607947	0.735840017252	6.92377335337e-05	0.0705824848049	6.92377335337e-05
49	35063	0.00759584607947	0.374369129447	4.52348149565e-06	0.0705824848049	4.52348149565e-06
20	37808	0.0280458653792	0.374369129447	1.84218138596e-05	0.0705824848049	1.84218138596e-05
74	44930	0.00759584607947	0.374369129447	6.92377335337e-05	0.0705824848049	6.92377335337e-05
60	15460	0.00172839552935	0.985170069345	6.92377335337e-05	0.154490445859	6.92377335337e-05
77	13357	0.00759584607947	0.735840017252	1.84218138596e-05	0.154490445859	1.84218138596e-05
85	4241	0.0869939344952	0.735840017252	1.84218138596e-05	0.0705824848049	1.84218138596e-05
43	15499	0.0280458653792	0.985170069345	0.000240161937124	0.303782407114	0.000240161937124
84	16575	0.0280458653792	0.985170069345	0.000240161937124	0.154490445859	0.000240161937124
62	5442	0.0280458653792	0.985170069345	4.52348149565e-06	0.0705824848049	4.52348149565e-06
96	23489	0.0280458653792	0.735840017252	2.14390886279e-07	0.303782407114	2.14390886279e-07
49	33337	0.0280458653792	0.985170069345	4.52348149565e-06	0.0705824848049	4.52348149565e-06
52	29707	0.22641589036	0.985170069345	6.92377335337e-05	0.0290364695383	6.92377335337e-05
95	33540	0.00172839552935	0.735840017252	4.52348149565e-06	0.0290364695383	4.52348149565e-06
26	24264	0.0280458653792	0.735840017252	1.02509503028e-06	0.0290364695383	1.02509503028e-06
33	20326	0.0869939344952	0.735840017252	0.000240161937124	0.154490445859	0.000240161937124
67	6123	0.00172839552935	0.735840017252	1.84218138596e-05	0.0705824848049	1.84218138596e-05
27	36243	0.0280458653792	0.735840017252	0.00227132610238	0.0705824848049	0.00227132610238
78	21689	0.0280458653792	0.735840017252	4.52348149565e-06	0.154490445859	4.52348149565e-06
66	28928	0.00759584607947	0.735840017252	1.84218138596e-05	0.0290364695383	1.84218138596e-05
96	12539	0.00759584607947	0.985170069345	1.84218138596e-05	0.154490445859	1.84218138596e-05
56	43906	0.00172839552935	0.374369129447	6.92377335337e-05	0.0290364695383	6.92377335337e-05
20	21098	0.0280458653792	0.735840017252	1.84218138596e-05	0.303782407114	1.84218138596e-05
84	17887	0.00759584607947	0.735840017252	1.02509503028e-06	0.0705824848049	1.02509503028e-06
99	42485	0.00759584607947	0.985170069345	4.52348149565e-06	0.0705824848049	4.52348149565e-06
47	44462	0.000330423485365	0.985170069345	1.84218138596e-05	0.0290364695383	1.84218138596e-05
64	21031	0.00759584607947	0.985170069345	0.000768805345611	0.0705824848049	0.000768805345611
57	45729	0.00759584607947	0.985170069345	1.84218138596e-05	0.0290364695383	1.84218138596e-05
22	6052	0.00172839552935	0.374369129447	4.52348149565e-06	0.0290364695383	4.52348149565e-06
27	47123	0.00759584607947	0.374369129447	0.000240161937124	0.0705824848049	0.000240161937124
35	33789	0.00172839552935	0.0025221541349	1.02509503028e-06	0.0705824848049	1.02509503028e-06
29	7184	0.0869939344952	0.735840017252	6.92377335337e-05	0.0705824848049	6.92377335337e-05
43	19994	0.00759584607947	0.735840017252	1.84218138596e-05	0.0290364695383	1.84218138596e-05
66	10138	0.0280458653792	0.735840017252	0.000240161937124	0.0290364695383	0.000240161937124
33	17373	0.00172839552935	0.735840017252	6.92377335337e-05	0.0290364695383	6.92377335337e-05
64	5294	0.00759584607947	0.735840017252	1.02509503028e-06	0.0290364695383	1.02509503028e-06
62	43575	0.00759584607947	0.374369129447	4.52348149565e-06	0.154490445859	4.52348149565e-06
24	46352	0.00759584607947	0.985170069345	0.000240161937124	0.0290364695383	0.000240161937124
62	6057	0.000330423485365	0.374369129447	6.92377335337e-05	0.0705824848049	6.92377335337e-05
56	23842	0.0280458653792	0.735840017252	0.000240161937124	0.0290364695383	0.000240161937124
77	34814	0.0869939344952	0.735840017252	6.92377335337e-05	0.530907621464	6.92377335337e-05
80	15210	0.00759584607947	0.735840017252	6.92377335337e-05	0.0290364695383	6.92377335337e-05
24	6415	0.00759584607947	0.374369129447	1.84218138596e-05	0.0705824848049	1.84218138596e-05
35	2448	0.0280458653792	0.735840017252	6.92377335337e-05	0.0705824848049	6.92377335337e-05
61	24741	0.00759584607947	0.985170069345	0.00619289133171	0.0107594324928	0.00619289133171
53	21818	0.00759584607947	0.985170069345	4.52348149565e-06	0.0290364695383	4.52348149565e-06
22	21259	0.0869939344952	0.147344284293	4.52348149565e-06	0.0290364695383	4.52348149565e-06
91	17981	0.0869939344952	0.374369129447	1.84218138596e-05	0.0705824848049	1.84218138596e-05
94	42996	0.0280458653792	0.735840017252	4.52348149565e-06	0.154490445859	4.52348149565e-06
60	17981	0.0869939344952	0.374369129447	1.84218138596e-05	0.0705824848049	1.84218138596e-05
78	44991	0.0280458653792	0.985170069345	4.52348149565e-06	0.0290364695383	4.52348149565e-06
62	32634	0.00759584607947	0.735840017252	1.02509503028e-06	0.0705824848049	1.02509503028e-06
84	33932	0.00759584607947	0.735840017252	1.84218138596e-05	0.0290364695383	1.84218138596e-05
61	43416	0.00759584607947	0.374369129447	1.02509503028e-06	0.0705824848049	1.02509503028e-06
31	17856	0.0869939344952	0.735840017252	4.52348149565e-06	0.0705824848049	4.52348149565e-06
79	47672	0.00172839552935	0.985170069345	0.000240161937124	0.0107594324928	0.000240161937124
41	24958	0.00759584607947	0.735840017252	1.84218138596e-05	0.0705824848049	1.84218138596e-05
62	42458	0.00759584607947	0.735840017252	0.000240161937124	0.0705824848049	0.000240161937124
25	18900	0.0280458653792	0.735840017252	1.02509503028e-06	0.0705824848049	1.02509503028e-06
35	12387	0.0280458653792	0.374369129447	1.84218138596e-05	0.154490445859	1.84218138596e-05
50	10237	0.00759584607947	0.985170069345	1.84218138596e-05	0.0705824848049	1.84218138596e-05
45	30257	0.0280458653792	0.735840017252	6.92377335337e-05	0.154490445859	6.92377335337e-05
98	46371	0.00759584607947	0.735840017252	4.52348149565e-06	0.0107594324928	4.52348149565e-06
32	48621	0.0280458653792	0.374369129447	4.52348149565e-06	0.0290364695383	4.52348149565e-06
25	31200	0.0280458653792	0.735840017252	6.92377335337e-05	0.154490445859	6.92377335337e-05
59	19206	0.00759584607947	0.985170069345	0.000240161937124	0.0290364695383	0.000240161937124
71	26357	0.000330423485365	0.735840017252	1.02509503028e-06	0.0705824848049	1.02509503028e-06
86	2192	0.0280458653792	0.735840017252	6.92377335337e-05	0.0290364695383	6.92377335337e-05
75	40669	0.00759584607947	0.985170069345	1.02509503028e-06	0.303782407114	1.02509503028e-06
39	4367	0.00759584607947	0.735840017252	6.92377335337e-05	0.0290364695383	6.92377335337e-05
41	11843	0.0280458653792	0.735840017252	1.02509503028e-06	0.0705824848049	1.02509503028e-06
87	27388	0.00759584607947	0.374369129447	4.52348149565e-06	0.0705824848049	4.52348149565e-06
80	19055	0.00759584607947	0.985170069345	4.52348149565e-06	0.154490445859	4.52348149565e-06
74	11532	0.0869939344952	0.735840017252	4.52348149565e-06	0.0705824848049	4.52348149565e-06
63	21229	0.0280458653792	0.374369129447	6.92377335337e-05	0.0705824848049	6.92377335337e-05
22	18199	0.00759584607947	0.985170069345	6.92377335337e-05	0.0705824848049	6.92377335337e-05
69	25754	0.0280458653792	0.374369129447	4.52348149565e-06	0.0290364695383	4.52348149565e-06
96	23297	0.00759584607947	0.374369129447	4.52348149565e-06	0.0705824848049	4.52348149565e-06
36	21353	0.00759584607947	0.735840017252	1.84218138596e-05	0.0705824848049	1.84218138596e-05
67	45526	0.0869939344952	0.985170069345	6.92377335337e-05	0.0107594324928	6.92377335337e-05
34	11663	0.00759584607947	0.735840017252	1.84218138596e-05	0.0705824848049	1.84218138596e-05
43	1444	0.0280458653792	0.374369129447	1.84218138596e-05	0.0705824848049	1.84218138596e-05
47	38270	0.00172839552935	0.735840017252	2.14390886279e-07	0.0705824848049	2.14390886279e-07
44	44494	0.00172839552935	0.374369129447	4.52348149565e-06	0.0705824848049	4.52348149565e-06
99	10381	0.00759584607947	0.735840017252	0.000240161937124	0.303782407114	0.000240161937124
90	1079	0.0869939344952	0.374369129447	0.000768805345611	0.154490445859	0.000768805345611
65	34045	0.00759584607947	0.374369129447	4.52348149565e-06	0.0107594324928	4.52348149565e-06
67	30203	0.00759584607947	0.374369129447	1.84218138596e-05	0.0705824848049	1.84218138596e-05
90	8629	0.0869939344952	0.374369129447	6.92377335337e-05	0.0705824848049	6.92377335337e-05
23	20262	0.00759584607947	0.735840017252	4.52348149565e-06	0.0705824848049	4.52348149565e-06
97	31743	0.00172839552935	0.735840017252	1.84218138596e-05	0.0705824848049	1.84218138596e-05
53	22195	0.00172839552935	0.735840017252	0.000240161937124	0.0705824848049	0.000240161937124
66	18089	0.00759584607947	0.735840017252	6.92377335337e-05	0.0290364695383	6.92377335337e-05
94	38714	0.0280458653792	0.374369129447	4.52348149565e-06	0.0705824848049	4.52348149565e-06
46	8746	0.00172839552935	0.985170069345	2.92129766783e-05	0.0705824848049	2.92129766783e-05
71	14462	0.00759584607947	0.735840017252	2.92129766783e-05	0.154490445859	2.92129766783e-05
81	16662	0.00759584607947	0.735840017252	2.92129766783e-05	0.0290364695383	2.92129766783e-05
37	13895	0.00759584607947	0.374369129447	2.92129766783e-05	0.530907621464	2.92129766783e-05
81	7781	0.0280458653792	0.147344284293	6.95433401852e-06	0.154490445859	6.95433401852e-06
84	8799	0.00759584607947	0.735840017252	0.000112491340495	0.0705824848049	0.000112491340495
40	3992	0.0280458653792	0.735840017252	2.92129766783e-05	0.0290364695383	2.92129766783e-05
82	17228	0.0280458653792	0.735840017252	0.000112491340495	0.0290364695383	0.000112491340495
88	11774	0.00172839552935	0.374369129447	1.51760341254e-06	0.154490445859	1.51760341254e-06
56	15731	0.00759584607947	0.374369129447	0.000397086741341	0.530907621464	0.000397086741341
29	16948	0.00172839552935	0.735840017252	0.000112491340495	0.303782407114	0.000112491340495
86	10088	0.0280458653792	0.147344284293	6.95433401852e-06	0.0705824848049	6.95433401852e-06
61	9144	0.00759584607947	0.735840017252	2.92129766783e-05	0.0107594324928	2.92129766783e-05
96	4506	0.00759584607947	0.735840017252	0.0012849158744	0.0705824848049	0.0012849158744
65	13036	0.000330423485365	0.374369129447	1.51760341254e-06	0.00359127706428	1.51760341254e-06
77	7723	0.00172839552935	0.374369129447	2.92129766783e-05	0.303782407114	2.92129766783e-05
48	2500	0.00172839552935	0.374369129447	1.51760341254e-06	0.0705824848049	1.51760341254e-06
98	15773	0.00759584607947	0.735840017252	0.000397086741341	0.0107594324928	0.000397086741341
34	475	0.00172839552935	0.735840017252	2.92129766783e-05	0.0107594324928	2.92129766783e-05
69	9152	0.0869939344952	0.735840017252	0.0012849158744	0.0290364695383	0.0012849158744
83	5769	0.00759584607947	0.985170069345	0.000112491340495	0.0107594324928	0.000112491340495
58	16295	0.00172839552935	0.735840017252	6.95433401852e-06	0.0705824848049	6.95433401852e-06
33	7174	0.00759584607947	0.374369129447	6.95433401852e-06	0.00359127706428	6.95433401852e-06
65	5411	0.00172839552935	0.374369129447	6.95433401852e-06	0.0107594324928	6.95433401852e-06
35	13340	0.0280458653792	0.985170069345	0.000397086741341	0.0107594324928	0.000397086741341
74	2607	0.00172839552935	0.374369129447	0.000112491340495	0.0705824848049	0.000112491340495
67	1183	0.0280458653792	0.735840017252	0.000112491340495	0.0290364695383	0.000112491340495
86	10081	0.0869939344952	0.374369129447	2.92129766783e-05	0.0705824848049	2.92129766783e-05
67	6203	0.00172839552935	0.147344284293	0.000112491340495	0.0107594324928	0.000112491340495
99	3495	0.00759584607947	0.374369129447	1.51760341254e-06	0.0107594324928	1.51760341254e-06
42	5769	0.00759584607947	0.985170069345	0.000112491340495	0.0107594324928	0.000112491340495
93	942	0.00172839552935	0.374369129447	2.92129766783e-05	0.0290364695383	2.92129766783e-05
46	16974	0.00759584607947	0.374369129447	6.95433401852e-06	0.0107594324928	6.95433401852e-06
71	15781	0.00759584607947	0.985170069345	0.0012849158744	0.154490445859	0.0012849158744
25	12862	0.00759584607947	0.374369129447	6.95433401852e-06	0.0107594324928	6.95433401852e-06
92	7567	0.00759584607947	0.374369129447	6.95433401852e-06	0.0290364695383	6.95433401852e-06
33	4491	0.00759584607947	0.735840017252	0.0012849158744	0.00359127706428	0.0012849158744
76	7317	0.00759584607947	0.985170069345	2.92129766783e-05	0.0290364695383	2.92129766783e-05
96	7234	0.00172839552935	0.735840017252	2.92129766783e-05	0.154490445859	2.92129766783e-05
49	14251	0.000330423485365	0.735840017252	6.95433401852e-06	0.0705824848049	6.95433401852e-06
80	15677	0.0280458653792	0.374369129447	0.000397086741341	0.0705824848049	0.000397086741341
43	9906	0.0280458653792	0.735840017252	1.51760341254e-06	0.0705824848049	1.51760341254e-06
44	5185	0.00759584607947	0.735840017252	6.95433401852e-06	0.303782407114	6.95433401852e-06
35	11708	0.0280458653792	0.374369129447	2.92129766783e-05	0.0705824848049	2.92129766783e-05
80	1651	0.00759584607947	0.374369129447	2.92129766783e-05	0.0290364695383	2.92129766783e-05
64	10493	0.00172839552935	0.735840017252	0.000397086741341	0.0290364695383	0.000397086741341
81	2542	0.00172839552935	0.374369129447	6.95433401852e-06	0.0290364695383	6.95433401852e-06
54	3759	0.0280458653792	0.735840017252	0.000112491340495	0.0290364695383	0.000112491340495
80	10120	0.00759584607947	0.374369129447	0.000112491340495	0.0107594324928	0.000112491340495
44	10231	0.00759584607947	0.735840017252	0.000112491340495	0.0290364695383	0.000112491340495
48	8320	0.00759584607947	0.735840017252	2.92129766783e-05	0.303782407114	2.92129766783e-05
66	16178	0.00759584607947	0.985170069345	0.000112491340495	0.0705824848049	0.000112491340495
38	5276	0.00759584607947	0.374369129447	0.000112491340495	0.0107594324928	0.000112491340495
32	10295	0.0280458653792	0.374369129447	6.95433401852e-06	0.0290364695383	6.95433401852e-06
50	12855	0.00759584607947	0.735840017252	0.000397086741341	0.0290364695383	0.000397086741341
40	14815	0.0869939344952	0.147344284293	6.95433401852e-06	0.0107594324928	6.95433401852e-06
34	3262	0.00759584607947	0.374369129447	1.51760341254e-06	0.0705824848049	1.51760341254e-06
23	850	0.0280458653792	0.735840017252	0.000397086741341	0.0705824848049	0.000397086741341
76	10338	0.00172839552935	0.735840017252	1.51760341254e-06	0.0705824848049	1.51760341254e-06
45	1481	0.00759584607947	0.735840017252	6.95433401852e-06	0.530907621464	6.95433401852e-06
37	9246	0.00759584607947	0.374369129447	2.92129766783e-05	0.0705824848049	2.92129766783e-05
51	16324	0.00759584607947	0.735840017252	0.0012849158744	0.0107594324928	0.0012849158744
63	15537	0.00759584607947	0.735840017252	2.92129766783e-05	0.303782407114	2.92129766783e-05
48	4039	0.00759584607947	0.735840017252	0.000112491340495	0.530907621464	0.000112491340495
84	15157	0.000330423485365	0.735840017252	0.000397086741341	0.0290364695383	0.000330423485365
29	10600	0.00759584607947	0.374369129447	6.95433401852e-06	0.0705824848049	6.95433401852e-06
60	1574	0.00759584607947	0.374369129447	0.000112491340495	0.0705824848049	0.000112491340495
30	15788	0.00759584607947	0.374369129447	0.000397086741341	0.0107594324928	0.000397086741341
20	7444	0.00172839552935	0.735840017252	2.92129766783e-05	0.0107594324928	2.92129766783e-05
41	424	0.00759584607947	0.735840017252	0.00381142180602	0.0290364695383	0.00381142180602
27	11995	0.00172839552935	0.735840017252	0.000397086741341	0.0290364695383	0.000397086741341
61	2723	0.000330423485365	0.0467941539207	0.000112491340495	0.00359127706428	0.000112491340495
30	6977	0.00759584607947	0.374369129447	6.95433401852e-06	0.154490445859	6.95433401852e-06
20	7934	0.00759584607947	0.985170069345	0.000397086741341	0.0290364695383	0.000397086741341
50	8215	0.0869939344952	0.374369129447	0.000112491340495	0.0705824848049	0.000112491340495
53	16931	0.00759584607947	0.374369129447	2.92129766783e-05	0.154490445859	2.92129766783e-05
54	3445	0.00172839552935	0.374369129447	2.92129766783e-05	0.0290364695383	2.92129766783e-05
92	7811	0.00759584607947	0.735840017252	0.000112491340495	0.0290364695383	0.000112491340495
23	8199	0.00759584607947	0.374369129447	0.000112491340495	0.154490445859	0.000112491340495
100	16927	0.0280458653792	0.985170069345	0.000112491340495	0.0705824848049	0.000112491340495
94	2402	0.00759584607947	0.374369129447	2.92129766783e-05	0.0107594324928	2.92129766783e-05
84	16117	0.00172839552935	0.735840017252	2.92129766783e-05	0.0705824848049	2.92129766783e-05
95	9926	0.00759584607947	0.735840017252	6.95433401852e-06	0.0107594324928	6.95433401852e-06
96	2799	0.0280458653792	0.374369129447	0.000112491340495	0.0107594324928	0.000112491340495
21	2765	0.000330423485365	0.147344284293	0.000112491340495	0.00359127706428	0.000112491340495
83	8385	0.000330423485365	0.147344284293	0.000112491340495	0.00359127706428	0.000112491340495
57	17037	0.00759584607947	0.985170069345	1.51760341254e-06	0.0705824848049	1.51760341254e-06
27	14658	0.00759584607947	0.374369129447	1.51760341254e-06	0.530907621464	1.51760341254e-06
72	3071	0.0869939344952	0.985170069345	1.51760341254e-06	0.154490445859	1.51760341254e-06
55	7385	0.00759584607947	0.735840017252	3.03587619637e-07	0.00359127706428	3.03587619637e-07
81	15275	0.00759584607947	0.985170069345	1.51760341254e-06	0.303782407114	1.51760341254e-06
83	343	0.00759584607947	0.374369129447	0.000112491340495	0.0290364695383	0.000112491340495
25	11614	0.00172839552935	0.0467941539207	6.95433401852e-06	0.0290364695383	6.95433401852e-06
22	7774	5.30712723242e-05	0.147344284293	6.95433401852e-06	0.0290364695383	6.95433401852e-06
96	9638	0.0280458653792	0.735840017252	0.000112491340495	0.0705824848049	0.000112491340495
57	9850	0.00759584607947	0.735840017252	0.000112491340495	0.154490445859	0.000112491340495
30	6733	0.000330423485365	0.735840017252	2.92129766783e-05	0.0107594324928	2.92129766783e-05
74	3154	0.00172839552935	0.735840017252	0.000112491340495	0.0107594324928	0.000112491340495
67	8987	0.00759584607947	0.374369129447	2.92129766783e-05	0.0107594324928	2.92129766783e-05
46	12385	0.0280458653792	0.985170069345	2.92129766783e-05	0.154490445859	2.92129766783e-05
92	9007	0.0280458653792	0.985170069345	1.84218138596e-05	0.0705824848049	1.84218138596e-05
76	20253	0.00759584607947	0.735840017252	6.92377335337e-05	0.0290364695383	6.92377335337e-05
80	3715	0.00759584607947	0.985170069345	0.000768805345611	0.0290364695383	0.000768805345611
42	14376	0.0869939344952	0.735840017252	1.84218138596e-05	0.0290364695383	1.84218138596e-05
84	36293	0.0280458653792	0.735840017252	4.52348149565e-06	0.0705824848049	4.52348149565e-06
43	17413	0.0280458653792	0.985170069345	4.52348149565e-06	0.154490445859	4.52348149565e-06
64	24614	0.00172839552935	0.985170069345	4.52348149565e-06	0.0705824848049	4.52348149565e-06
90	4393	0.0869939344952	0.735840017252	6.92377335337e-05	0.0705824848049	6.92377335337e-05
57	4521	0.0869939344952	0.735840017252	1.84218138596e-05	0.154490445859	1.84218138596e-05
98	44038	0.00759584607947	0.374369129447	4.52348149565e-06	0.0705824848049	4.52348149565e-06
78	45159	0.00759584607947	0.735840017252	0.000240161937124	0.0705824848049	0.000240161937124
60	28186	0.00759584607947	0.735840017252	0.000768805345611	0.0705824848049	0.000768805345611
52	14580	0.0869939344952	0.374369129447	1.84218138596e-05	0.303782407114	1.84218138596e-05
73	39909	0.0280458653792	0.735840017252	1.02509503028e-06	0.0705824848049	1.02509503028e-06
56	17856	0.0869939344952	0.735840017252	4.52348149565e-06	0.0705824848049	4.52348149565e-06
75	31483	0.0280458653792	0.999999999415	0.00227132610238	0.0290364695383	0.00227132610238
46	16657	0.00759584607947	0.374369129447	1.02509503028e-06	0.0705824848049	1.02509503028e-06
99	14684	0.0280458653792	0.374369129447	4.52348149565e-06	0.0705824848049	4.52348149565e-06
33	2218	0.00759584607947	0.374369129447	1.02509503028e-06	0.154490445859	1.02509503028e-06
69	21537	0.0280458653792	0.985170069345	4.52348149565e-06	0.0705824848049	4.52348149565e-06
75	41182	0.22641589036	0.735840017252	4.52348149565e-06	0.154490445859	4.52348149565e-06
40	820	0.00172839552935	0.985170069345	4.52348149565e-06	0.0705824848049	4.52348149565e-06
37	37580	0.00759584607947	0.735840017252	6.92377335337e-05	0.0705824848049	6.92377335337e-05
99	4410	0.0280458653792	0.735840017252	6.92377335337e-05	0.0290364695383	6.92377335337e-05
33	14348	0.00759584607947	0.735840017252	1.02509503028e-06	0.0705824848049	1.02509503028e-06
76	31491	0.0280458653792	0.735840017252	1.84218138596e-05	0.0705824848049	1.84218138596e-05
90	22486	0.00759584607947	0.735840017252	1.02509503028e-06	0.0290364695383	1.02509503028e-06
67	16854	0.00172839552935	0.374369129447	1.84218138596e-05	0.0705824848049	1.84218138596e-05
47	45981	0.00172839552935	0.735840017252	1.84218138596e-05	0.0107594324928	1.84218138596e-05
86	22085	0.00172839552935	0.374369129447	4.52348149565e-06	0.0705824848049	4.52348149565e-06
49	26791	0.00759584607947	0.735840017252	6.92377335337e-05	0.0705824848049	6.92377335337e-05
80	42000	0.0280458653792	0.374369129447	1.02509503028e-06	0.0705824848049	1.02509503028e-06
62	6381	0.00172839552935	0.735840017252	1.02509503028e-06	0.0107594324928	1.02509503028e-06
68	4835	0.0280458653792	0.735840017252	6.92377335337e-05	0.0290364695383	6.92377335337e-05
67	11598	0.00759584607947	0.374369129447	1.02509503028e-06	0.0705824848049	1.02509503028e-06
51	2254	0.0869939344952	0.735840017252	4.52348149565e-06	0.0705824848049	4.52348149565e-06
82	24458	0.0280458653792	0.735840017252	1.84218138596e-05	0.0107594324928	1.84218138596e-05
94	10650	0.0869939344952	0.735840017252	4.52348149565e-06	0.0290364695383	4.52348149565e-06
94	23967	0.00759584607947	0.735840017252	0.000240161937124	0.0290364695383	0.000240161937124
54	23677	0.0869939344952	0.147344284293	1.02509503028e-06	0.0290364695383	1.02509503028e-06
44	47776	0.00172839552935	0.735840017252	1.84218138596e-05	0.0705824848049	1.84218138596e-05
31	41636	0.00172839552935	0.735840017252	6.92377335337e-05	0.0705824848049	6.92377335337e-05
37	35853	0.00172839552935	0.374369129447	1.84218138596e-05	0.0705824848049	1.84218138596e-05
48	1717	0.00759584607947	0.374369129447	4.52348149565e-06	0.0705824848049	4.52348149565e-06
60	41961	0.00172839552935	0.735840017252	6.92377335337e-05	0.0705824848049	6.92377335337e-05
89	39879	0.00759584607947	0.985170069345	1.84218138596e-05	0.0705824848049	1.84218138596e-05
21	31479	0.00172839552935	0.985170069345	1.84218138596e-05	0.0290364695383	1.84218138596e-05
50	9854	0.0869939344952	0.735840017252	1.84218138596e-05	0.0705824848049	1.84218138596e-05
97	8855	0.0869939344952	0.985170069345	1.84218138596e-05	0.0705824848049	1.84218138596e-05
76	8612	0.00759584607947	0.985170069345	4.52348149565e-06	0.0705824848049	4.52348149565e-06
58	27310	0.0280458653792	0.735840017252	1.84218138596e-05	0.0290364695383	1.84218138596e-05
81	21969	0.0280458653792	0.985170069345	1.84218138596e-05	0.0705824848049	1.84218138596e-05
82	681	0.22641589036	0.985170069345	1.84218138596e-05	0.0705824848049	1.84218138596e-05
68	8532	0.00172839552935	0.735840017252	1.84218138596e-05	0.0705824848049	1.84218138596e-05
54	28556	0.00172839552935	0.735840017252	1.84218138596e-05	0.0705824848049	1.84218138596e-05
49	7711	0.0869939344952	0.985170069345	1.84218138596e-05	0.154490445859	1.84218138596e-05
80	4189	0.22641589036	0.735840017252	4.52348149565e-06	0.0705824848049	4.52348149565e-06
28	39882	0.00759584607947	0.374369129447	1.02509503028e-06	0.0705824848049	1.02509503028e-06
47	17358	0.0280458653792	0.735840017252	1.84218138596e-05	0.0705824848049	1.84218138596e-05
25	15067	0.0280458653792	0.147344284293	6.92377335337e-05	0.0290364695383	6.92377335337e-05
47	33432	0.0280458653792	0.374369129447	1.84218138596e-05	0.154490445859	1.84218138596e-05
73	31858	0.00759584607947	0.735840017252	0.000240161937124	0.0107594324928	0.000240161937124
23	27387	0.0280458653792	0.985170069345	1.84218138596e-05	0.0107594324928	1.84218138596e-05
52	3154	0.00759584607947	0.735840017252	4.52348149565e-06	0.0290364695383	4.52348149565e-06
34	29749	0.00759584607947	0.985170069345	1.84218138596e-05	0.303782407114	1.84218138596e-05
67	29419	0.0280458653792	0.735840017252	4.52348149565e-06	0.154490445859	4.52348149565e-06
96	16117	0.00172839552935	0.735840017252	4.52348149565e-06	0.0705824848049	4.52348149565e-06
81	1185	0.00172839552935	0.374369129447	4.52348149565e-06	0.0705824848049	4.52348149565e-06
79	33165	0.00759584607947	0.735840017252	0.000240161937124	0.0705824848049	0.000240161937124
49	23592	0.0869939344952	0.735840017252	4.52348149565e-06	0.0290364695383	4.52348149565e-06
50	8610	0.00172839552935	0.985170069345	0.000240161937124	0.0290364695383	0.000240161937124
41	20587	0.0280458653792	0.985170069345	0.000240161937124	0.0290364695383	0.000240161937124
52	8754	0.0280458653792	0.735840017252	1.02509503028e-06	0.0290364695383	1.02509503028e-06
27	3553	0.00759584607947	0.735840017252	0.00227132610238	0.0290364695383	0.00227132610238
63	13023	0.0280458653792	0.985170069345	1.02509503028e-06	0.0290364695383	1.02509503028e-06
54	10060	0.0280458653792	0.374369129447	1.84218138596e-05	0.154490445859	1.84218138596e-05
69	31610	0.0280458653792	0.735840017252	0.00227132610238	0.0290364695383	0.00227132610238
24	47709	0.000330423485365	0.374369129447	4.52348149565e-06	0.0705824848049	4.52348149565e-06
39	13542	0.00759584607947	0.985170069345	1.84218138596e-05	0.0705824848049	1.84218138596e-05
77	9553	0.00172839552935	0.735840017252	4.52348149565e-06	0.0290364695383	4.52348149565e-06
35	13926	0.00759584607947	0.374369129447	4.52348149565e-06	0.0290364695383	4.52348149565e-06
90	36682	0.22641589036	0.735840017252	0.000768805345611	0.0705824848049	0.000768805345611
31	305	0.0280458653792	0.985170069345	0.000240161937124	0.0705824848049	0.000240161937124
75	3445	0.0280458653792	0.374369129447	1.02509503028e-06	0.0705824848049	1.02509503028e-06
55	30154	0.00172839552935	0.735840017252	1.02509503028e-06	0.0705824848049	1.02509503028e-06
76	1793	0.00172839552935	0.374369129447	6.92377335337e-05	0.0705824848049	6.92377335337e-05
94	19	0.0280458653792	0.735840017252	6.92377335337e-05	0.0705824848049	6.92377335337e-05
92	22864	0.00172839552935	0.985170069345	0.000768805345611	0.0705824848049	0.000768805345611
23	16787	0.0869939344952	0.735840017252	0.000768805345611	0.154490445859	0.000768805345611
79	19930	0.0280458653792	0.985170069345	6.92377335337e-05	0.0705824848049	6.92377335337e-05
55	40538	0.00759584607947	0.735840017252	4.52348149565e-06	0.0290364695383	4.52348149565e-06
33	36697	0.0869939344952	0.985170069345	0.000240161937124	0.0290364695383	0.000240161937124
28	9434	0.00759584607947	0.985170069345	6.92377335337e-05	0.0290364695383	6.92377335337e-05
79	34984	0.00172839552935	0.985170069345	4.52348149565e-06	0.0705824848049	4.52348149565e-06
61	47125	0.0280458653792	0.374369129447	4.52348149565e-06	0.0705824848049	4.52348149565e-06
30	21855	0.00759584607947	0.735840017252	6.92377335337e-05	0.0705824848049	6.92377335337e-05
27	26409	0.00759584607947	0.735840017252	4.52348149565e-06	0.0705824848049	4.52348149565e-06
74	38478	0.00759584607947	0.374369129447	4.52348149565e-06	0.0705824848049	4.52348149565e-06
75	19486	0.00172839552935	0.374369129447	1.84218138596e-05	0.0290364695383	1.84218138596e-05
50	28772	0.00759584607947	0.735840017252	6.92377335337e-05	0.0107594324928	6.92377335337e-05
